   0.00000000                                         -Infinity
  0.100000001      -7.95879551396770404338541587140088412      
  0.200000003      -1.93819560068808013911063797691102410      
  0.300000012       1.58362958042554470251514219370142157      
  0.400000006       4.08240431259154376516413991757883631      
  0.500000000       6.02060405503356791416491773810781541      
  0.600000024       7.60422949370516860678992008819128217      
  0.699999988       8.94316417691931448891311645044133802      
  0.800000012       10.1030042258711676694389178120686957      
  0.900000036       11.1260549624405046357273932450796575      
   1.00000000       12.0412039683131918184396956325976756      
   1.10000002       12.8690574832161925687068627591207799      
   1.20000005       13.6248294069847925110646979826811416      
   1.30000007       14.3200713330463026317954721850100274      
   1.39999998       14.9637640901989383931878943449311990      
   1.50000000       15.5630291494268166600654758032101215      
   1.60000002       16.1236041391507915737136957065585583      
   1.70000005       16.6501833704087231405929461054090345      
   1.80000007       17.1466548757201285400021711395695185      
   1.89999998       17.6162755513957646824877720392738800      
   2.00000000       18.0618038815928157227144735270875366      
   2.10000014       18.4855902574442307494794907697123938      
   2.20000005       18.8896573964958164729816406536106393      
   2.29999995       19.2757608687412630308255788377890962      
   2.40000010       19.6454293202644164153394758771710026      
   2.50000000       20.0000041417539440098901398436179567      
   2.60000014       20.3406712463259265360702500794998868      
   2.70000005       20.6684798650859469816658663384186354      
   2.79999995       20.9843640034785622974626722394210600      
   2.90000010       21.2891643547495053982435488240366632      
   3.00000000       21.5836290627064405643402536976999809      
   3.10000014       21.8684387802331336354567794822206344      
   3.20000005       22.1442040524304154779884736010484193      
   3.29999995       22.4114822638402654723652591585910146      
   3.40000010       22.6707832836883470448677239998988955      
   3.50000000       22.9225642636396905846383385559514770      
   3.60000014       23.1672547889997524442769490340593764      
   3.70000005       23.4052400168027177174498884121099831      
   3.79999995       23.6368754646753885867625499337637441      
   3.90000010       23.8624964274395513776960302501123342      
   4.00000000       24.0824037948724396269892514215773976      
   4.09999990       24.2968807996528020408383405308476430      
   4.20000029       24.5061901707238546537542686642022548      
   4.30000019       24.7105731762247580110708735949504304      
   4.40000010       24.9102573097754403772564185481005003      
   4.50000000       25.1054547040148261637732031301615469      
   4.59999990       25.2963607820208869351003567322789541      
   4.70000029       25.4831619201291348735787989413433672      
   4.80000019       25.6660292335440403196142537716608667      
   4.90000010       25.8451266677158125825320984854996350      
   5.00000000       26.0206040550335679141649177381078146      
   5.09999990       26.1926072466393888630444474405981184      
   5.20000029       26.3612711596055504403450279739897478      
   5.30000019       26.5267222199380343823777445505861388      
   5.40000010       26.6890797783655708859406442329084995      
   5.50000000       26.8484581347210566172743616359727341      
   5.59999990       27.0049639167581862017374501339109210      
   5.70000029       27.1587017357239883144601243555461266      
   5.80000019       27.3097642680291293025183267185265211      
   5.90000010       27.4582444117536810302037305170854144      
   6.00000000       27.6042289759860644686150315921898388      
   6.09999990       27.7478004648357617533689177424622141      
   6.20000029       27.8890386935127575397315573767104985      
   6.30000019       28.0280156805480104540266748162479989      
   6.40000010       28.1648039657100393822632514955382772      
   6.50000000       28.2994701453811068943742857735297885      
   6.59999990       28.4320821771198893766400370530808756      
   6.70000029       28.5627005786845774423969795576822292      
   6.80000019       28.6913831969679709491425018943887534      
   6.90000010       28.8181859631345117767261369028914015      
   7.00000000       28.9431641769193144889131164504413380      
   7.09999990       29.0663707676910497263543054516092986      
   7.20000029       29.1878547022793763485517269285492404      
   7.30000019       29.3076617948220479928755661361328330      
   7.40000010       29.4258399300823416217246663065998471      
   7.50000000       29.5424295122640521363130090044754182      
   7.59999990       29.6574753779550124910373278282536020      
   7.70000029       29.7710189558638106773662231070985285      
   7.80000019       29.8830963407191752819708081446021921      
   7.90000010       29.9937464756762776260951724633788555      
   8.00000000       30.1030037081520635312640293160672586      
   8.10000038       30.2109047038154472763102548255073138      
   8.19999981       30.3174807129324259451131184253375009      
   8.30000019       30.4227658657353077823474172441813368      
   8.40000057       30.5267900840034785580290465586921127      
   8.50000000       30.6295832134965962990369829420236341      
   8.60000038       30.7311730895043819153456514894402945      
   8.69999981       30.8315894491427541441441068891389685      
   8.80000019       30.9308572230550642815311964425903613      
   8.90000057       31.0290051715520332551067769756914609      
   9.00000000       31.1260546172944500680479810246514048      
   9.10000038       31.2220325884690981589474783239521866      
   9.19999981       31.3169606953005108393751346267688151      
   9.30000019       31.4108625385770826640441537887168176      
   9.40000057       31.5037618334087587778535768358332313      
   9.50000000       31.5956754201291293887479361005257188      
   9.60000038       31.6866291468236642238890316661507246      
   9.69999981       31.7766386109396046611444649435320933      
   9.80000019       31.8657265809954364868068763799894929      
   9.90000057       31.9539075674129660391607275448744474      
   10.0000000       32.0412039683131918184396956325976756      
   10.1000004       32.1276325511672581472459165070352634      
   10.1999998       32.2132071599190127673192253350879794      
   10.3000002       32.2979485026278295815902566975031478      
   10.4000006       32.3818710728851743446198058684796088      
   10.5000000       32.4649905413909269131670716474265604      
   10.6000004       32.5473221332176582866525224450759998      
   10.6999998       32.6288798703891216568916460494600689      
   10.8000002       32.7096796916451947902154221273983605      
   10.9000006       32.7897340411188644131226722462010186      
   11.0000000       32.8690580480006805215491395304625920      
   11.1000004       32.9476634321070706835476136226144774      
   11.1999998       33.0255638300378101060122280284007819      
   11.3000002       33.1027732411610682615243711279744257      
   11.4000006       33.1793016490036122187349022500359876      
   11.5000000       33.2551609554616391265508009432992383      
   11.6000004       33.3303641813087532067931046130163821      
   11.6999998       33.4049218758287591168878295279892218      
   11.8000002       33.4788443250333049344785084115752754      
   11.9000006       33.5521429525312767313882145473485368      
   12.0000000       33.6248288892656883728898094866797060      
   12.1000004       33.6969122988349527645929063452501337      
   12.1999998       33.7684003781153856576436956369520751      
   12.3000002       33.8393069042296752259157435727917761      
   12.4000006       33.9096386067923814440063352712003533      
   12.5000000       33.9794040628042002640950391666095005      
   12.6000004       34.0486155938276343583014527107378661      
   12.6999998       34.1172786809423761825038403519031043      
   12.8000002       34.1854038789896632865380293900281351      
   12.9000006       34.2529976284857488179752511242248772      
   13.0000000       34.3200700586607307986490636680196495      
   13.1000004       34.3866304189078517117488652437604051      
   13.1999998       34.4526820903995132809148149475707366      
   13.3000002       34.5182371302058973142063753336148994      
   13.4000006       34.5833004919642013466717574521720902      
   13.5000000       34.6478788780185290120746319259012685      
   13.6000004       34.7119831102475948534172797888786174      
   13.6999998       34.7756158858450028993644009033167294      
   13.8000002       34.8387858764141356810009147973812625      
   13.9000006       34.9014997648176039032847507263257629      
   14.0000000       34.9637640901989383931878943449311990      
   14.1000004       35.0255864270397285236238194949410747      
   14.1999998       35.0869706809706736306290833460991596      
   14.3000002       35.1479247465777353576703361238371947      
   14.4000006       35.2084546155590002528265048230391014      
   14.5000000       35.2685638701936210197909744809958186      
   14.6000004       35.3282617081016718971503440306226940      
   14.6999998       35.3875503533496162775439252410593197      
   14.8000002       35.4464398433619655259994442010897050      
   14.9000006       35.5049288640096646878739268747932631      
   15.0000000       35.5630294255436760405877868989652792      
   15.1000004       35.6207433804666359944938300319852282      
   15.1999998       35.6780752912346363953121057227434599      
   15.3000002       35.7350334238438309553494216661532105      
   15.4000006       35.7916188691434345816410010015883925      
   15.5000000       35.8478375309042100138688178291246482      
   15.6000004       35.9036962539987991862455860390920500      
   15.6999998       35.9591964625054152094292039915359908      
   15.8000002       36.0143463889559015303699503578687134      
   15.9000006       36.0691478353064306044775695049409469      
   16.0000000       36.1236036214316874355388072105571134      
   16.1000004       36.1777216690263996450699040096418200      
   16.2000008       36.2315046170950711805850327199971717      
   16.3000011       36.2849565899924057362772201640127991      
   16.3999996       36.3380806262120498493878963198273619      
   16.5000000       36.3908827270836512186289459851593381      
   16.6000004       36.4433657790149316866221951386711947      
   16.7000008       36.4955336144730977169238295692785992      
   16.8000011       36.5473899972831024623038244531819737      
   16.8999996       36.5989376439606155464684913688730340      
   17.0000000       36.6501831267762202033117608365135012      
   17.1000004       36.7011261034939356661739000863230249      
   17.2000008       36.7517730027840058196204293839301554      
   17.3000011       36.8021262942375500013997316821988374      
   17.3999996       36.8521893624223780484188847836288295      
   17.5000000       36.9019655337180542629917356878343910      
   17.6000004       36.9514571363346881858059743370802223      
   17.7000008       37.0006692721495901202984608255339188      
   17.8000011       37.0496050848316571593815548701813250      
   17.8999996       37.0982639631773465609331331496586611      
   18.0000000       37.1466545305740739723227589191412689      
   18.1000004       37.1947751682229076761005692236278292      
   18.2000008       37.2426325017487220632222562184420506      
   18.3000011       37.2902266908554541787198541751408240      
   18.3999996       37.3375606085801347436499125212586761      
   18.5000000       37.3846388721912686455253907990783359      
   18.6000004       37.4314624518567065683189316832066786      
   18.7000008       37.4780376272834324893639148921060955      
   18.8000011       37.5243617466883826821283547303230892      
   18.8999996       37.5704392409586749636134613490236831      
   19.0000000       37.6162753334087532930227139950155798      
   19.1000004       37.6618716819054324509087807798927408      
   19.2000008       37.7072290601032881281638095606405825      
   19.3000011       37.7523508137242977859751253874953041      
   19.3999996       37.7972385242192285654192428380219574      
   19.5000000       37.8418963017623451523863219400341464      
   19.6000004       37.8863264942750603910816542744793600      
   19.7000008       37.9305288910034481563200643367870764      
   19.8000011       37.9745074806925899434355054393643053      
   19.8999996       38.0182653508175211072726834870724545      
   20.0000000       38.0618038815928157227144735270875366      
   20.1000004       38.1051244367336512581699882889813796      
   20.2000008       38.1482324644468820515206944015251244      
   20.3000011       38.1911251550346420124878739958893869      
   20.3999996       38.2338070731986366715940032295778404      
   20.5000000       38.2762818965568025757404076131996067      
   20.6000004       38.3185484159074534858650345919930088      
   20.7000008       38.3606118578664426205379142445105847      
   20.8000011       38.4024709861647982488945837629694698      
   20.8999996       38.4441301463252551226141286949365006      
   21.0000000       38.4855904546705508174418495419164214      
   21.1000004       38.5268530153795621260558504149739083      
   21.2000008       38.5679220464972821909273003395658546      
   21.3000011       38.6087970287752172966879614794707139      
   21.3999996       38.6494797836687455611664239439499360      
   21.5000000       38.6899728776657850400008895939867546      
   21.6000004       38.7302796049248186944902000218882153      
   21.7000008       38.7703986261973628504893148894859014      
   21.8000011       38.8103339543984883173974501406908796      
   21.8999996       38.8500857544884667428267681447668581      
   22.0000000       38.8896579612803044258239174249524530      
   22.1000004       38.9290491983828755012739925343423828      
   22.2000008       38.9682633453866945878223915171043383      
   22.3000011       39.0073012478492884812664212964177496      
   22.3999996       39.0461637433174340102870059228906429      
   22.5000000       39.0848546066573008822135670695777266      
   22.6000004       39.1233731544406921657991490224642929      
   22.7000008       39.1617216412982545077746964564887647      
   22.8000011       39.1999015622832361230096801445258486      
   22.8999996       39.2379136693697238879358346855387816      
   23.0000000       39.2757608687412630308255788377890932      
   23.1000004       39.3134438709604027804267838600943635      
   23.2000008       39.3509640945883771110678825075062431      
   23.3000011       39.3883222288516959311648336897719398      
   23.3999996       39.4255217891083830211626074224790827      
   23.5000000       39.4625605968910719840494216300619628      
   23.6000004       39.4994442383129288387532863060651364      
   23.7000008       39.5361719195845093439911697565289392      
   23.8000011       39.5727428658109006356629924418383978      
   23.8999996       39.6091618659693727225464149423811620      
   24.0000000       39.6454288025453122771645873811695608      
   24.1000004       39.6815449401104370726012774696051229      
   24.2000008       39.7175122121145766688676842397399885      
   24.3000011       39.7533297982086960222108128906096191      
   24.3999996       39.7890002913950095619184735314419361      
   24.5000000       39.8245255710782701897627690229711282      
   24.6000004       39.8599068175092991301905214672816309      
   24.7000008       39.8951431844205804617434858784507427      
   24.8000011       39.9302385200720053482811131656902143      
   24.8999996       39.9651912927994684503233095600529379      
   25.0000000       40.0000039760838241683698170610993553      
   25.1000004       40.0346790084712215618479683210455692      
   25.2000008       40.0692155071072582625762306052277270      
   25.3000011       40.1036158815508416098291712429909964      
   25.3999996       40.1378785942220000867786182463929591      
   25.5000000       40.1720086327331807760449810302789909      
   25.6000004       40.2060037922692871908128072845180022      
   25.7000008       40.2398670634540999192645906071877194      
   25.8000011       40.2735975417653727222500290187147320      
   25.8999996       40.3071988181724654114656237210243498      
   26.0000000       40.3406699719403547029238415625095166      
   26.1000004       40.3740139087846000438477815401426081      
   26.2000008       40.4072303321874756160236431382502722      
   26.3000011       40.4403189538564592845176447525792337      
   26.3999996       40.4732820036791371851895928420605976      
   26.5000000       40.5061210563179290441098202991781767      
   26.6000004       40.5388370434855212184811532281047604      
   26.7000008       40.5714296454580019864886163857619641      
   26.8000011       40.6039004052438252509465353466619512      
   26.8999996       40.6362496145519047160189653843363662      
   27.0000000       40.6684787912981529163494098203911295      
   27.1000004       40.7005900456160636343521028149171729      
   27.2000008       40.7325830235272187576920576833684784      
   27.3000011       40.7644573794372436128049670021415300      
   27.3999996       40.7962157991246268036391787978065904      
   27.5000000       40.8278573177862343608809907372749395      
   27.6000004       40.8593857896937595852756926918711235      
   27.7000008       40.8908002317805456610821577140257637      
   27.8000011       40.9220996780972278075595286208156177      
   27.8999996       40.9532885236698873891433586279596082      
   28.0000000       40.9843640034785622974626722394210600      
   28.1000004       41.0153310591634772010932282693378278      
   28.2000008       41.0461863403193524278985973894309356      
   28.3000011       41.0769329861375497046863486149716714      
   28.3999996       41.1075705942502975349038612405890206      
   28.5000000       41.1381010958210630159985641267308494      
   28.6000004       41.1685246598573592619451140183270495      
   28.7000008       41.1988420328737920864924688077773564      
   28.8000011       41.2290545288386241571012827175289624      
   28.8999996       41.2591605798116186879472872620625530      
   29.0000000       41.2891637834732449240657523754856734      
   29.1000004       41.3190642746459587217735887640629298      
   29.2000008       41.3488616213812958014251219251125550      
   29.3000011       41.3785570963148076245204991020665165      
   29.3999996       41.4081502666292401818187031355491745      
   29.5000000       41.4376440772788412066889847005330070      
   29.6000004       41.4670397566415894302742220955795722      
   29.7000008       41.4963340563357648523595440296721007      
   29.8000011       41.5255287772892885921487047692831240      
   29.8999996       41.5546279148779984149556819966356659      
   30.0000000       41.5836293388232999448625647934551402      
   30.1000004       41.6125342517094192098793439107636328      
   30.2000008       41.6413432937462598987686079264750892      
   30.3000011       41.6700565520284437108348226899519670      
   30.3999996       41.6986752045142602995868836172333209      
   30.5000000       41.7272009589416745578672184269722374      
   30.6000004       41.7556333371234548596241995606430653      
   30.7000008       41.7839713294553485131098979904673989      
   30.8000011       41.8122187824230584859157788960782473      
   30.8999996       41.8403735970210783274908147626054562      
   31.0000000       41.8684374441838339181435957236145092      
   31.1000004       41.8964119752480105582754321999173826      
   31.2000008       41.9242961672784230905203639335819172      
   31.3000011       41.9520911294477162139537839469640864      
   31.3999996       41.9797963757850391137039818860258517      
   31.5000000       42.0074151098473121926716162723369523      
   31.6000004       42.0349463022355254346447282523585744      
   31.7000008       42.0623899835307251553372369671462845      
   31.8000011       42.0897477485860545087523473994308079      
   31.8999996       42.1170180579140062132475482488971532      
   32.0000000       42.1442035347113113398135851050469744      
   32.1000023       42.1713062550479413683897790063268493      
   32.2000008       42.1983215823060235493446819041316809      
   32.2999992       42.2252541713027193478705588906344004      
   32.4000015       42.2521045303746950848598106144870388      
   32.5000000       42.2788711241714029058503300405291900      
   32.6000023       42.3055565032720296405519980585026601      
   32.7000008       42.3321591355121131590232303113033208      
   32.7999992       42.3586805394916737536626742143172229      
   32.9000015       42.3851222168577124098593640196054149      
   33.0000000       42.4114826403632751229037238796491991      
   33.1000023       42.4377643068029602698184628868343970      
   33.2000008       42.4639656922945555908969730331610557      
   33.2999992       42.4900882777463813379464514392573713      
   33.4000015       42.5161335277527216211986074637684602      
   33.5000000       42.5420999235984696977019686354401781      
   33.6000023       42.5679899105627263665786023476718346      
   33.7000008       42.5938029566552915806651484975671890      
   33.7999992       42.6195375572402394507432692633628950      
   33.9000015       42.6451980912031180371496870858098611      
   34.0000000       42.6707830400558441075865387310033560      
   34.1000023       42.6962918761025236916297374684607398      
   34.2000008       42.7217260167735595704486779808128798      
   34.2999992       42.7470868642469292956872656307528187      
   34.4000015       42.7723729160636297238952072784200164      
   34.5000000       42.7975865300581059806128837861255741      
   34.6000023       42.8227262075171739056745095766887045      
   34.7000008       42.8477933328359028857890003180034381      
   34.7999992       42.8727892757020019526936626781186905      
   34.9000015       42.8977125430992506207409127642865747      
   35.0000000       42.9225654469976781672665135823242520      
   35.1000023       42.9473464982273926656870402755057075      
   35.2000008       42.9720570496143120900807522315700832      
   35.2999992       42.9966975011520748935432752343485935      
   35.4000015       43.0212691854292140245732387200237798      
   35.5000000       43.0457715544259959219659493810169429      
   35.6000023       43.0702049981112810636563327646711859      
   35.7000008       43.0945689750484137529876851751026043      
   35.7999992       43.1188638764569704652079110441485221      
   35.9000015       43.1430937820744248286438089841315029      
   36.0000000       43.1672544438536978765975368136311299      
   36.1000023       43.1913490045772824540142088333944303      
   36.2000008       43.2153750815025315803753471181176902      
   36.2999992       43.2393367086409818297999205579390800      
   36.4000015       43.2632324150283459674970341129319116      
   36.5000000       43.2870616545970699486907257651865114      
   36.6000023       43.3108266041350780829946320696306850      
   36.7000008       43.3345258063410505404737752603372518      
   36.7999992       43.3581605218597586479246904157485432      
   36.9000015       43.3817319986229239718163016378940783      
   37.0000000       43.4052387854708925498001686935681969      
   37.1000023       43.4286821271228454812673603293849127      
   37.2000008       43.4520623651363304725937095776965396      
   37.2999992       43.4753807266297916540438583825524916      
   37.4000015       43.4986375405630563936386927865959503      
   37.5000000       43.5218287154104473175149230234676698      
   37.6000023       43.5449616599680065864031326248129501      
   37.7000008       43.5680314008862407823736519828832329      
   37.7999992       43.5910391542382988678882392435135441      
   37.9000015       43.6139887468643467779993705359838876      
   38.0000000       43.6368752466883771972974918895054346      
   38.1000023       43.6597033405059220145784245190916557      
   38.2000008       43.6824715951850563551835586743826017      
   38.2999992       43.7051794584996230071196797187849681      
   38.4000015       43.7278289733829120324385874551304434      
   38.5000000       43.7504187198502021511919661500790808      
   38.6000023       43.7729507270039216902499032819851651      
   38.7000008       43.7954227228789975638758091893271794      
   38.7999992       43.8178384374988524696940207325118183      
   38.9000015       43.8401964526560674624337504164806172      
   39.0000000       43.8624962150419690566610998345240135      
   39.1000023       43.8847397200154648397080979162911833      
   39.2000008       43.9069264075546842953564321689692148      
   39.2999992       43.9290548809724209144416911889195217      
   39.4000015       43.9511288042830720605948422312769374      
   39.5000000       43.9731459332696489302583979025664696      
   39.6000023       43.9951073939722138477102833338541663      
   39.7000008       44.0170143017954056707831981592698388      
   39.7999992       44.0388652640971450115474613815623154      
   39.9000015       44.0606622245991460601069333987172078      
   40.0000000       44.0824037948724396269892514215773976      
